0.024509804 0.04019608  0.026470589 0
0.02745098  0.039215688 0.026470589 0
0.02745098  0.038235296 0.026470589 0
0.02745098  0.038235296 0.026470589 0
0.026470589 0.038235296 0.02745098  0
0.026470589 0.038235296 0.02745098  0
0.026470589 0.039215688 0.02745098  0
0.025490196 0.038235296 0.02745098  0
0.02745098  0.039215688 0.02745098  0
0.02745098  0.039215688 0.02745098  0
0.026470589 0.039215688 0.026470589 0
0.026470589 0.038235296 0.02745098  0
0.026470589 0.038235296 0.02745098  0
0.026470589 0.038235296 0.02745098  0
0.025490196 0.039215688 0.02745098  0
0.025490196 0.039215688 0.02745098  0
0.025490196 0.03627451  0.02745098  0
0.025490196 0.038235296 0.02745098  0
0.025490196 0.038235296 0.02745098  0
0.025490196 0.039215688 0.02745098  0
0.024509804 0.039215688 0.02745098  0
0.024509804 0.038235296 0.02745098  0
0.025490196 0.038235296 0.02745098  0
0.024509804 0.038235296 0.02745098  0
0.023529412 0.039215688 0.02745098  0
0.023529412 0.039215688 0.028431373 0
0.023529412 0.038235296 0.026470589 0
0.023529412 0.038235296 0.02745098  0
0.023529412 0.038235296 0.02745098  0
0.02254902  0.038235296 0.02745098  0
0.023529412 0.039215688 0.02745098  0
0.02254902  0.039215688 0.02745098  0
0.023529412 0.039215688 0.02745098  0
0.023529412 0.039215688 0.02745098  0
0.023529412 0.039215688 0.02745098  0
0.021568628 0.039215688 0.02745098  0
0.021568628 0.039215688 0.02745098  0
0.021568628 0.04019608  0.02745098  0
0.020588236 0.039215688 0.02745098  0
0.020588236 0.039215688 0.02745098  0
0.020588236 0.039215688 0.02745098  0
0.020588236 0.039215688 0.02745098  0
0.019607844 0.039215688 0.02745098  0
0.019607844 0.039215688 0.02745098  0
0.019607844 0.039215688 0.02745098  0
0.019607844 0.039215688 0.028431373 0
0.020588236 0.039215688 0.02745098  0
0.020588236 0.04019608  0.02745098  0
0.018627452 0.04019608  0.02745098  0
0.018627452 0.04019608  0.02745098  0
0.019607844 0.04019608  0.028431373 0
0.018627452 0.04019608  0.02745098  0
0.018627452 0.04019608  0.02745098  0
0.01764706  0.04019608  0.02745098  0
0.01764706  0.04019608  0.02745098  0
0.018627452 0.04019608  0.02745098  0
0.01764706  0.04019608  0.02745098  0
0.01764706  0.04019608  0.02745098  0
0.018627452 0.039215688 0.02745098  0
0.018627452 0.04019608  0.028431373 0
0.01764706  0.039215688 0.026470589 0
0.018627452 0.039215688 0.026470589 0
0.01764706  0.039215688 0.026470589 0
0.016666668 0.038235296 0.026470589 0
0.016666668 0.038235296 0.02745098  0
0.01764706  0.038235296 0.028431373 0
0.01764706  0.037254903 0.026470589 0
0.01764706  0.037254903 0.02745098  0
0.016666668 0.037254903 0.02745098  0
0.016666668 0.037254903 0.02745098  0
0.016666668 0.037254903 0.02745098  0
0.016666668 0.037254903 0.028431373 0
0.016666668 0.037254903 0.028431373 0
0.016666668 0.037254903 0.02745098  0
0.016666668 0.037254903 0.028431373 0
0.01764706  0.037254903 0.02745098  0
0.01764706  0.038235296 0.02745098  0
0.01764706  0.038235296 0.02745098  0
0.01764706  0.038235296 0.02745098  0
0.01764706  0.038235296 0.02745098  0
0.018627452 0.038235296 0.028431373 0
0.018627452 0.038235296 0.02745098  0
0.018627452 0.039215688 0.028431373 0
0.016666668 0.04019608  0.02745098  0
0.01764706  0.04019608  0.02745098  0
0.01764706  0.04019608  0.02745098  0
0.01764706  0.04019608  0.02745098  0
0.01764706  0.04019608  0.028431373 0
0.018627452 0.04019608  0.028431373 0
0.018627452 0.04117647  0.02745098  0
0.018627452 0.04117647  0.02745098  0
0.018627452 0.04117647  0.028431373 0
0.018627452 0.042156864 0.028431373 0
0.01764706  0.042156864 0.028431373 0
0.019607844 0.04117647  0.028431373 0
0.01764706  0.04019608  0.02745098  0
0.018627452 0.04019608  0.02745098  0
0.01764706  0.039215688 0.02745098  0
0.019607844 0.039215688 0.02745098  0
0.018627452 0.039215688 0.028431373 0
0.018627452 0.039215688 0.028431373 0
0.018627452 0.039215688 0.02745098  0
0.018627452 0.039215688 0.02745098  0
0.018627452 0.04019608  0.02745098  0
0.018627452 0.04117647  0.02745098  0
0.018627452 0.039215688 0.026470589 0
0.018627452 0.04117647  0.02745098  0
0.018627452 0.04117647  0.02745098  0
0.016666668 0.04019608  0.02745098  0
0.018627452 0.04019608  0.02745098  0
0.018627452 0.04019608  0.02745098  0
0.018627452 0.04117647  0.02745098  0
0.018627452 0.04117647  0.02745098  0
0.018627452 0.04019608  0.02745098  0
0.018627452 0.04019608  0.02745098  0
0.018627452 0.04117647  0.02745098  0
0.018627452 0.04019608  0.02745098  0
0.018627452 0.04117647  0.02745098  0
0.01764706  0.04019608  0.02745098  0
0.018627452 0.04117647  0.02745098  0
0.018627452 0.04117647  0.02745098  0
0.01764706  0.04117647  0.02745098  0
0.01764706  0.04019608  0.02745098  0
0.01764706  0.04019608  0.026470589 0
0.018627452 0.04019608  0.026470589 0
0.018627452 0.04117647  0.026470589 0
0.01764706  0.04019608  0.026470589 0
0.01764706  0.04019608  0.026470589 0
0.01764706  0.04019608  0.026470589 0
0.018627452 0.04019608  0.026470589 0
0.018627452 0.04019608  0.026470589 0
0.018627452 0.04019608  0.026470589 0
0.018627452 0.04019608  0.02745098  0
0.01764706  0.04019608  0.02745098  0
0.018627452 0.04019608  0.026470589 0
0.018627452 0.04019608  0.026470589 0
0.018627452 0.04019608  0.026470589 0
0.018627452 0.04019608  0.026470589 0
0.018627452 0.04019608  0.02745098  0
0.018627452 0.04019608  0.026470589 0
0.01764706  0.04019608  0.02745098  0
0.01764706  0.04117647  0.026470589 0
0.018627452 0.04117647  0.026470589 0
0.01764706  0.04117647  0.02745098  0
0.01764706  0.04019608  0.02745098  0
0.018627452 0.04019608  0.026470589 0
0.018627452 0.04019608  0.02745098  0
0.01764706  0.04019608  0.02745098  0
0.01764706  0.04019608  0.02745098  0
0.018627452 0.04019608  0.02745098  0
0.018627452 0.04019608  0.02745098  0
0.018627452 0.04117647  0.02745098  0
0.018627452 0.04019608  0.026470589 0
0.01764706  0.04019608  0.026470589 0
0.01764706  0.039215688 0.026470589 0
0.01764706  0.039215688 0.026470589 0
0.018627452 0.039215688 0.026470589 0
0.01764706  0.04019608  0.026470589 0
0.01764706  0.04019608  0.026470589 0
0.01764706  0.04019608  0.026470589 0
0.01764706  0.04019608  0.026470589 0
0.01764706  0.04019608  0.026470589 0
0.01764706  0.04019608  0.026470589 0
0.01764706  0.04019608  0.026470589 0
0.01764706  0.04019608  0.026470589 0
0.01764706  0.04019608  0.026470589 0
0.01764706  0.04019608  0.026470589 0
0.016666668 0.039215688 0.026470589 0
0.016666668 0.039215688 0.026470589 0
0.01764706  0.04019608  0.026470589 0
0.01764706  0.039215688 0.026470589 0
0.01764706  0.039215688 0.026470589 0
0.01764706  0.04019608  0.026470589 0
0.01764706  0.039215688 0.026470589 0
0.01764706  0.039215688 0.026470589 0
0.01764706  0.04019608  0.026470589 0
0.01764706  0.037254903 0.026470589 0
0.01764706  0.04019608  0.026470589 0
0.01764706  0.04019608  0.026470589 0
0.018627452 0.04019608  0.026470589 0
0.018627452 0.04019608  0.026470589 0
0.018627452 0.04019608  0.02745098  0
0.01764706  0.04019608  0.02745098  0
0.01764706  0.04019608  0.026470589 0
0.01764706  0.04019608  0.026470589 0
0.01764706  0.04019608  0.026470589 0
0.01764706  0.038235296 0.026470589 0
0.01764706  0.04019608  0.026470589 0
0.01764706  0.04019608  0.026470589 0
0.01764706  0.04019608  0.026470589 0
0.016666668 0.039215688 0.02745098  0
0.01764706  0.04019608  0.026470589 0
0.01764706  0.04019608  0.025490196 0
0.01764706  0.04019608  0.025490196 0
0.01764706  0.04019608  0.025490196 0
0.016666668 0.04019608  0.02745098  0
0.016666668 0.04117647  0.02745098  0
0.01764706  0.04117647  0.026470589 0
0.016666668 0.04117647  0.02745098  0
0.01764706  0.04117647  0.02745098  0
0.016666668 0.04117647  0.02745098  0
0.01764706  0.04117647  0.02745098  0
0.01764706  0.04117647  0.02745098  0
0.016666668 0.04117647  0.02745098  0
0.016666668 0.04117647  0.02745098  0
0.016666668 0.04117647  0.02745098  0
0.016666668 0.04117647  0.026470589 0
0.016666668 0.04117647  0.02745098  0
0.016666668 0.04019608  0.026470589 0
0.016666668 0.04019608  0.02745098  0
0.016666668 0.04117647  0.02745098  0
0.016666668 0.04019608  0.02745098  0
0.015686275 0.039215688 0.026470589 0
0.015686275 0.04019608  0.026470589 0
0.015686275 0.04019608  0.026470589 0
0.016666668 0.04019608  0.02745098  0
0.016666668 0.039215688 0.02745098  0
0.016666668 0.039215688 0.02745098  0
0.016666668 0.04019608  0.02745098  0
0.015686275 0.039215688 0.02745098  0
0.015686275 0.04117647  0.02745098  0
0.015686275 0.04117647  0.02745098  0
0.016666668 0.04019608  0.026470589 0
0.016666668 0.04019608  0.026470589 0
0.016666668 0.04117647  0.026470589 0
0.016666668 0.04117647  0.026470589 0
0.016666668 0.04117647  0.026470589 0
0.016666668 0.042156864 0.026470589 0
0.016666668 0.042156864 0.026470589 0
0.016666668 0.04117647  0.026470589 0
0.016666668 0.043137256 0.026470589 0
0.016666668 0.042156864 0.026470589 0
0.01764706  0.043137256 0.026470589 0
0.018627452 0.043137256 0.026470589 0
0.018627452 0.043137256 0.026470589 0
0.018627452 0.043137256 0.026470589 0
0.018627452 0.042156864 0.026470589 0
0.018627452 0.042156864 0.026470589 0
0.018627452 0.043137256 0.025490196 0
0.018627452 0.042156864 0.026470589 0
0.018627452 0.042156864 0.026470589 0
0.018627452 0.042156864 0.026470589 0
0.018627452 0.042156864 0.026470589 0
0.019607844 0.042156864 0.025490196 0
0.019607844 0.042156864 0.026470589 0
0.020588236 0.042156864 0.026470589 0
0.020588236 0.042156864 0.025490196 0
0.020588236 0.042156864 0.025490196 0
0.020588236 0.04117647  0.025490196 0
0.020588236 0.04117647  0.025490196 0
0.021568628 0.042156864 0.025490196 0
0.021568628 0.042156864 0.025490196 0
0.021568628 0.042156864 0.025490196 0
0.021568628 0.04117647  0.026470589 0
0.02254902  0.04117647  0.026470589 0
0.021568628 0.04117647  0.025490196 0
0.02254902  0.04117647  0.026470589 0
0.02254902  0.04117647  0.026470589 0
0.02254902  0.04117647  0.025490196 0
0.02254902  0.04117647  0.026470589 0
0.02254902  0.04117647  0.026470589 0
0.02254902  0.04117647  0.026470589 0
0.02254902  0.042156864 0.026470589 0
0.02254902  0.04117647  0.026470589 0
0.02254902  0.04117647  0.026470589 0
0.021568628 0.04117647  0.026470589 0
0.021568628 0.042156864 0.026470589 0
0.02254902  0.043137256 0.026470589 0
0.021568628 0.04117647  0.026470589 0
0.021568628 0.04117647  0.026470589 0
0.021568628 0.04117647  0.026470589 0
0.021568628 0.043137256 0.026470589 0
0.020588236 0.043137256 0.026470589 0
0.020588236 0.042156864 0.026470589 0
0.021568628 0.04117647  0.026470589 0
0.021568628 0.04117647  0.026470589 0
0.019607844 0.042156864 0.026470589 0
0.021568628 0.042156864 0.026470589 0
0.021568628 0.042156864 0.026470589 0
0.019607844 0.042156864 0.026470589 0
0.019607844 0.04117647  0.026470589 0
0.020588236 0.04117647  0.026470589 0
0.020588236 0.042156864 0.026470589 0
0.019607844 0.04117647  0.026470589 0
0.019607844 0.04117647  0.026470589 0
0.019607844 0.04117647  0.026470589 0
0.019607844 0.04117647  0.026470589 0
0.019607844 0.04019608  0.026470589 0
0.019607844 0.04117647  0.026470589 0
0.020588236 0.04019608  0.026470589 0
0.020588236 0.04019608  0.026470589 0
0.020588236 0.04019608  0.026470589 0
0.020588236 0.04117647  0.025490196 0
0.019607844 0.04117647  0.025490196 0
0.019607844 0.04117647  0.025490196 0
0.019607844 0.04117647  0.025490196 0
0.020588236 0.04117647  0.026470589 0
0.020588236 0.04117647  0.026470589 0
0.020588236 0.04117647  0.025490196 0
0.019607844 0.04117647  0.025490196 0
0.019607844 0.042156864 0.025490196 0
0.019607844 0.042156864 0.025490196 0
0.020588236 0.04117647  0.025490196 0
0.020588236 0.042156864 0.025490196 0
0.020588236 0.042156864 0.025490196 0
0.020588236 0.04117647  0.026470589 0
0.020588236 0.04117647  0.026470589 0
0.021568628 0.042156864 0.025490196 0
0.019607844 0.04117647  0.025490196 0
0.020588236 0.04117647  0.026470589 0
0.021568628 0.04117647  0.026470589 0
0.020588236 0.04117647  0.026470589 0
0.020588236 0.04117647  0.026470589 0
0.021568628 0.04117647  0.025490196 0
0.021568628 0.04117647  0.025490196 0
0.021568628 0.042156864 0.026470589 0
0.020588236 0.042156864 0.026470589 0
0.021568628 0.042156864 0.026470589 0
0.021568628 0.042156864 0.026470589 0
0.020588236 0.042156864 0.026470589 0
0.02254902  0.04117647  0.025490196 0
0.021568628 0.04117647  0.025490196 0
0.021568628 0.04117647  0.025490196 0
0.020588236 0.04117647  0.025490196 0
0.020588236 0.04117647  0.025490196 0
0.020588236 0.04117647  0.025490196 0
0.020588236 0.04117647  0.024509804 0
0.019607844 0.04019608  0.025490196 0
0.020588236 0.04117647  0.025490196 0
0.020588236 0.04117647  0.026470589 0
0.020588236 0.04019608  0.026470589 0
0.020588236 0.04117647  0.026470589 0
0.020588236 0.039215688 0.026470589 0
0.019607844 0.04019608  0.025490196 0
0.019607844 0.039215688 0.026470589 0
0.019607844 0.039215688 0.025490196 0
0.019607844 0.04019608  0.025490196 0
0.020588236 0.04019608  0.026470589 0
0.018627452 0.04117647  0.026470589 0
0.018627452 0.04117647  0.026470589 0
0.018627452 0.04117647  0.026470589 0
0.018627452 0.04117647  0.026470589 0
0.018627452 0.04117647  0.026470589 0
0.019607844 0.04117647  0.026470589 0
0.019607844 0.04019608  0.026470589 0
0.019607844 0.04019608  0.026470589 0
0.019607844 0.04019608  0.026470589 0
0.019607844 0.04117647  0.026470589 0
0.019607844 0.04117647  0.026470589 0
0.019607844 0.04117647  0.026470589 0
0.019607844 0.04019608  0.026470589 0
0.019607844 0.039215688 0.026470589 0
0.019607844 0.039215688 0.026470589 0
0.019607844 0.04019608  0.026470589 0
0.019607844 0.039215688 0.026470589 0
0.019607844 0.039215688 0.026470589 0
0.019607844 0.039215688 0.026470589 0
0.019607844 0.039215688 0.026470589 0
0.019607844 0.04019608  0.026470589 0
0.019607844 0.04019608  0.026470589 0
0.019607844 0.04019608  0.026470589 0
0.019607844 0.04117647  0.026470589 0
0.019607844 0.04117647  0.026470589 0
0.019607844 0.04117647  0.026470589 0
0.018627452 0.04019608  0.02745098  0
0.019607844 0.04019608  0.02745098  0
0.020588236 0.04019608  0.025490196 0
0.020588236 0.04019608  0.025490196 0
0.020588236 0.04117647  0.026470589 0
0.020588236 0.04117647  0.026470589 0
0.020588236 0.04117647  0.026470589 0
0.021568628 0.04117647  0.02745098  0
0.021568628 0.04117647  0.026470589 0
0.021568628 0.04117647  0.026470589 0
0.020588236 0.04117647  0.026470589 0
0.021568628 0.04117647  0.026470589 0
0.020588236 0.04117647  0.026470589 0
0.021568628 0.04019608  0.026470589 0
0.021568628 0.04019608  0.026470589 0
0.021568628 0.04117647  0.026470589 0
0.021568628 0.04117647  0.026470589 0
0.021568628 0.04117647  0.026470589 0
0.021568628 0.04117647  0.026470589 0
0.020588236 0.04019608  0.026470589 0
0.02254902  0.04117647  0.026470589 0
0.02254902  0.04019608  0.026470589 0
0.02254902  0.04117647  0.026470589 0
0.02254902  0.04117647  0.026470589 0
0.02254902  0.04117647  0.026470589 0
0.02254902  0.04019608  0.026470589 0
0.02254902  0.04117647  0.026470589 0
0.02254902  0.04019608  0.026470589 0
0.021568628 0.04019608  0.026470589 0
0.021568628 0.04117647  0.026470589 0
0.021568628 0.04117647  0.026470589 0
0.021568628 0.04117647  0.025490196 0
0.021568628 0.04117647  0.026470589 0
0.021568628 0.04117647  0.02745098  0
0.02254902  0.04117647  0.026470589 0
0.02254902  0.04117647  0.02745098  0
0.02254902  0.04117647  0.026470589 0
0.02254902  0.04019608  0.025490196 0
0.02254902  0.04117647  0.026470589 0
0.021568628 0.039215688 0.02745098  0
0.021568628 0.04019608  0.02745098  0
0.020588236 0.04019608  0.026470589 0
0.020588236 0.04019608  0.026470589 0
0.020588236 0.04019608  0.026470589 0
0.021568628 0.04019608  0.02745098  0
0.019607844 0.04117647  0.026470589 0
0.019607844 0.04117647  0.026470589 0
0.019607844 0.04019608  0.026470589 0
0.018627452 0.04117647  0.026470589 0
0.019607844 0.04117647  0.026470589 0
0.019607844 0.04019608  0.026470589 0
0.019607844 0.04019608  0.026470589 0
0.019607844 0.04019608  0.026470589 0
0.019607844 0.04019608  0.026470589 0
0.019607844 0.04117647  0.026470589 0
0.019607844 0.04117647  0.02745098  0
0.018627452 0.04117647  0.02745098  0
0.018627452 0.042156864 0.02745098  0
0.018627452 0.042156864 0.02745098  0
0.018627452 0.04117647  0.02745098  0
0.018627452 0.04117647  0.026470589 0
0.01764706  0.042156864 0.026470589 0
0.01764706  0.04019608  0.02745098  0
0.01764706  0.04019608  0.028431373 0
0.01764706  0.04019608  0.02745098  0
0.01764706  0.04019608  0.02745098  0
0.01764706  0.04117647  0.02745098  0
0.016666668 0.04117647  0.02745098  0
0.01764706  0.04117647  0.02745098  0
0.01764706  0.04117647  0.02745098  0
0.01764706  0.04117647  0.026470589 0
0.01764706  0.04117647  0.026470589 0
0.01764706  0.04117647  0.02745098  0
0.01764706  0.04117647  0.02745098  0
0.01764706  0.04117647  0.026470589 0
0.01764706  0.04117647  0.026470589 0
0.01764706  0.04117647  0.026470589 0
0.016666668 0.04117647  0.026470589 0
0.016666668 0.04117647  0.026470589 0
0.016666668 0.04117647  0.026470589 0
0.01764706  0.042156864 0.02745098  0
0.01764706  0.042156864 0.026470589 0
0.01764706  0.04117647  0.026470589 0
0.016666668 0.04117647  0.026470589 0
0.016666668 0.04117647  0.026470589 0
0.016666668 0.04117647  0.026470589 0
0.016666668 0.042156864 0.026470589 0
0.016666668 0.042156864 0.026470589 0
0.016666668 0.042156864 0.026470589 0
0.01764706  0.042156864 0.026470589 0
0.01764706  0.04117647  0.026470589 0
0.01764706  0.04117647  0.026470589 0
0.01764706  0.04117647  0.026470589 0
0.01764706  0.04117647  0.02745098  0
0.01764706  0.04117647  0.02745098  0
0.01764706  0.04117647  0.02745098  0
0.016666668 0.04117647  0.02745098  0
0.016666668 0.04117647  0.02745098  0
0.01764706  0.04117647  0.02745098  0
0.01764706  0.04117647  0.02745098  0
0.01764706  0.04117647  0.02745098  0
0.016666668 0.04019608  0.02745098  0
0.016666668 0.04019608  0.02745098  0
0.01764706  0.04117647  0.02745098  0
0.01764706  0.04117647  0.02745098  0
0.01764706  0.04117647  0.02745098  0
0.01764706  0.04019608  0.02745098  0
0.01764706  0.04019608  0.02745098  0
0.01764706  0.04117647  0.02745098  0
0.016666668 0.04019608  0.02745098  0
0.016666668 0.04117647  0.02745098  0
0.016666668 0.04117647  0.026470589 0
0.016666668 0.04117647  0.026470589 0
0.018627452 0.04117647  0.026470589 0
0.018627452 0.04117647  0.026470589 0
0.018627452 0.04117647  0.026470589 0
0.018627452 0.04117647  0.026470589 0
0.018627452 0.04019608  0.026470589 0
0.018627452 0.04019608  0.026470589 0
0.018627452 0.04019608  0.025490196 0
0.01764706  0.04117647  0.025490196 0
0.01764706  0.042156864 0.026470589 0
0.01764706  0.04019608  0.026470589 0
0.01764706  0.04019608  0.025490196 0
0.01764706  0.04019608  0.025490196 0
0.01764706  0.04019608  0.025490196 0
0.01764706  0.04019608  0.025490196 0
0.01764706  0.04019608  0.025490196 0
0.01764706  0.04019608  0.025490196 0
0.01764706  0.04019608  0.026470589 0
0.01764706  0.04019608  0.026470589 0
0.01764706  0.04019608  0.025490196 0
0.01764706  0.039215688 0.025490196 0
0.01764706  0.039215688 0.025490196 0
0.01764706  0.04019608  0.026470589 0
0.01764706  0.04019608  0.026470589 0
0.026470589 0.06764706  0.016666668 1
0.024509804 0.057843138 0.016666668 1
0.023529412 0.057843138 0.01764706  1
0.023529412 0.056862745 0.01764706  1
0.023529412 0.055882353 0.01764706  1
0.02254902  0.055882353 0.01764706  1
0.02254902  0.055882353 0.01764706  1
0.021568628 0.055882353 0.01764706  1
0.02254902  0.055882353 0.018627452 1
0.02254902  0.055882353 0.018627452 1
0.02254902  0.055882353 0.018627452 1
0.021568628 0.05490196  0.018627452 1
0.02254902  0.05490196  0.018627452 1
0.021568628 0.055882353 0.018627452 1
0.021568628 0.055882353 0.019607844 1
0.020588236 0.055882353 0.019607844 1
0.023529412 0.055882353 0.019607844 1
0.021568628 0.055882353 0.019607844 1
0.021568628 0.055882353 0.019607844 1
0.021568628 0.056862745 0.019607844 1
0.021568628 0.056862745 0.019607844 1
0.021568628 0.056862745 0.019607844 1
0.021568628 0.057843138 0.019607844 1
0.021568628 0.057843138 0.019607844 1
0.02254902  0.057843138 0.019607844 1
0.020588236 0.057843138 0.020588236 1
0.021568628 0.057843138 0.021568628 1
0.021568628 0.057843138 0.019607844 1
0.021568628 0.057843138 0.019607844 1
0.021568628 0.056862745 0.020588236 1
0.021568628 0.056862745 0.020588236 1
0.021568628 0.055882353 0.020588236 1
0.021568628 0.056862745 0.019607844 1
0.021568628 0.055882353 0.020588236 1
0.021568628 0.055882353 0.020588236 1
0.021568628 0.05490196  0.020588236 1
0.020588236 0.056862745 0.021568628 1
0.021568628 0.056862745 0.023529412 1
0.021568628 0.055882353 0.023529412 1
0.02254902  0.055882353 0.023529412 1
0.02254902  0.056862745 0.023529412 1
0.02254902  0.055882353 0.02254902  1
0.023529412 0.056862745 0.02254902  1
0.02254902  0.056862745 0.021568628 1
0.02254902  0.055882353 0.020588236 1
0.02254902  0.05392157  0.019607844 1
0.02254902  0.05490196  0.019607844 1
0.02254902  0.05392157  0.020588236 1
0.02254902  0.051960785 0.021568628 1
0.02254902  0.051960785 0.02254902  1
0.023529412 0.051960785 0.023529412 1
0.023529412 0.050980393 0.024509804 1
0.02254902  0.05        0.024509804 1
0.023529412 0.05        0.024509804 1
0.023529412 0.05        0.024509804 1
0.02254902  0.05        0.024509804 1
0.023529412 0.05        0.024509804 1
0.023529412 0.05        0.023529412 1
0.023529412 0.05        0.024509804 1
0.023529412 0.050980393 0.02254902  1
0.023529412 0.051960785 0.023529412 1
0.023529412 0.050980393 0.023529412 1
0.02254902  0.051960785 0.024509804 1
0.023529412 0.052941177 0.025490196 1
0.023529412 0.051960785 0.025490196 1
0.025490196 0.052941177 0.024509804 1
0.025490196 0.052941177 0.024509804 1
0.025490196 0.051960785 0.025490196 1
0.025490196 0.050980393 0.025490196 1
0.024509804 0.051960785 0.024509804 1
0.024509804 0.05392157  0.025490196 1
0.024509804 0.08235294  0.025490196 1
0.025490196 0.08529412  0.026470589 1
0.026470589 0.08921569  0.026470589 1
0.026470589 0.092156865 0.026470589 1
0.02745098  0.09313726  0.02745098  1
0.02745098  0.09411765  0.029411765 1
0.02745098  0.09509804  0.025490196 1
0.026470589 0.09117647  0.025490196 1
0.026470589 0.07745098  0.02254902  1
0.026470589 0.07450981  0.021568628 1
0.026470589 0.07254902  0.028431373 1
0.024509804 0.07254902  0.028431373 1
0.024509804 0.060784314 0.026470589 1
0.024509804 0.05980392  0.025490196 1
0.024509804 0.05980392  0.02254902  1
0.024509804 0.05882353  0.024509804 1
0.024509804 0.05882353  0.024509804 1
0.023529412 0.061764706 0.024509804 1
0.023529412 0.063725494 0.024509804 1
0.02254902  0.063725494 0.024509804 1
0.02254902  0.0627451   0.021568628 1
0.023529412 0.061764706 0.020588236 1
0.023529412 0.060784314 0.019607844 1
0.021568628 0.060784314 0.021568628 1
0.020588236 0.05490196  0.021568628 1
0.020588236 0.05392157  0.021568628 1
0.02254902  0.05392157  0.021568628 1
0.021568628 0.05392157  0.021568628 1
0.02254902  0.05392157  0.021568628 1
0.02254902  0.05490196  0.020588236 1
0.020588236 0.05490196  0.021568628 1
0.021568628 0.05490196  0.021568628 1
0.020588236 0.056862745 0.02254902  1
0.020588236 0.056862745 0.023529412 1
0.020588236 0.056862745 0.023529412 1
0.019607844 0.055882353 0.026470589 1
0.019607844 0.055882353 0.02745098  1
0.018627452 0.051960785 0.028431373 1
0.018627452 0.051960785 0.030392157 1
0.019607844 0.052941177 0.03137255  1
0.020588236 0.051960785 0.03137255  1
0.020588236 0.052941177 0.029411765 1
0.019607844 0.05392157  0.029411765 1
0.019607844 0.05490196  0.028431373 1
0.020588236 0.05392157  0.02745098  1
0.021568628 0.056862745 0.023529412 1
0.020588236 0.05882353  0.023529412 1
0.020588236 0.05882353  0.024509804 1
0.019607844 0.05882353  0.024509804 1
0.02254902  0.063725494 0.024509804 1
0.021568628 0.063725494 0.024509804 1
0.021568628 0.063725494 0.025490196 1
0.020588236 0.063725494 0.025490196 1
0.02254902  0.063725494 0.025490196 1
0.02254902  0.0627451   0.025490196 1
0.023529412 0.0627451   0.024509804 1
0.02254902  0.0627451   0.023529412 1
0.021568628 0.061764706 0.023529412 1
0.024509804 0.061764706 0.023529412 1
0.024509804 0.0627451   0.024509804 1
0.024509804 0.061764706 0.023529412 1
0.02254902  0.060784314 0.02254902  1
0.023529412 0.060784314 0.02254902  1
0.023529412 0.060784314 0.023529412 1
0.024509804 0.060784314 0.024509804 1
0.025490196 0.061764706 0.024509804 1
0.024509804 0.05980392  0.024509804 1
0.025490196 0.05882353  0.024509804 1
0.025490196 0.05882353  0.025490196 1
0.025490196 0.05882353  0.024509804 1
0.024509804 0.056862745 0.023529412 1
0.024509804 0.056862745 0.02254902  1
0.025490196 0.05490196  0.02254902  1
0.025490196 0.055882353 0.02254902  1
0.025490196 0.057843138 0.02254902  1
0.026470589 0.057843138 0.02254902  1
0.026470589 0.05980392  0.021568628 1
0.026470589 0.05980392  0.021568628 1
0.02745098  0.05980392  0.021568628 1
0.02745098  0.060784314 0.021568628 1
0.02745098  0.060784314 0.020588236 1
0.028431373 0.060784314 0.02254902  1
0.028431373 0.060784314 0.02254902  1
0.029411765 0.060784314 0.02254902  1
0.029411765 0.05980392  0.023529412 1
0.029411765 0.05980392  0.024509804 1
0.028431373 0.05980392  0.024509804 1
0.028431373 0.05980392  0.024509804 1
0.028431373 0.05980392  0.024509804 1
0.028431373 0.060784314 0.024509804 1
0.028431373 0.060784314 0.023529412 1
0.029411765 0.060784314 0.023529412 1
0.029411765 0.060784314 0.023529412 1
0.029411765 0.060784314 0.023529412 1
0.029411765 0.061764706 0.023529412 1
0.028431373 0.061764706 0.024509804 1
0.029411765 0.060784314 0.025490196 1
0.030392157 0.061764706 0.025490196 1
0.030392157 0.061764706 0.024509804 1
0.029411765 0.0627451   0.024509804 1
0.029411765 0.063725494 0.024509804 1
0.028431373 0.063725494 0.023529412 1
0.028431373 0.063725494 0.025490196 1
0.02745098  0.06568628  0.026470589 1
0.02745098  0.06666667  0.025490196 1
0.02745098  0.06764706  0.025490196 1
0.02745098  0.06764706  0.026470589 1
0.028431373 0.06764706  0.024509804 1
0.029411765 0.06764706  0.024509804 1
0.029411765 0.06960785  0.025490196 1
0.02745098  0.07058824  0.026470589 1
0.02745098  0.06960785  0.024509804 1
0.026470589 0.06960785  0.024509804 1
0.026470589 0.07156863  0.024509804 1
0.026470589 0.07156863  0.024509804 1
0.026470589 0.07156863  0.024509804 1
0.026470589 0.07058824  0.024509804 1
0.026470589 0.07156863  0.023529412 1
0.026470589 0.07058824  0.024509804 1
0.026470589 0.07058824  0.024509804 1
0.026470589 0.07058824  0.02254902  1
0.026470589 0.06960785  0.02254902  1
0.026470589 0.06960785  0.02254902  1
0.025490196 0.07058824  0.02254902  1
0.025490196 0.07058824  0.02254902  1
0.024509804 0.07058824  0.02254902  1
0.023529412 0.07058824  0.02254902  1
0.023529412 0.07058824  0.023529412 1
0.023529412 0.06960785  0.023529412 1
0.023529412 0.06960785  0.025490196 1
0.02254902  0.06764706  0.025490196 1
0.02254902  0.06764706  0.024509804 1
0.023529412 0.068627454 0.024509804 1
0.025490196 0.068627454 0.024509804 1
0.024509804 0.068627454 0.024509804 1
0.023529412 0.06764706  0.025490196 1
0.023529412 0.06764706  0.025490196 1
0.023529412 0.06764706  0.023529412 1
0.023529412 0.06764706  0.02254902  1
0.024509804 0.06666667  0.021568628 1
0.024509804 0.06666667  0.018627452 1
0.025490196 0.06666667  0.019607844 1
0.023529412 0.06666667  0.019607844 1
0.02254902  0.06666667  0.020588236 1
0.02254902  0.06666667  0.019607844 1
0.02254902  0.06666667  0.019607844 1
0.02254902  0.06568628  0.020588236 1
0.024509804 0.06568628  0.019607844 1
0.025490196 0.06568628  0.019607844 1
0.025490196 0.06568628  0.019607844 1
0.025490196 0.06666667  0.021568628 1
0.024509804 0.06568628  0.021568628 1
0.024509804 0.06568628  0.023529412 1
0.024509804 0.064705886 0.024509804 1
0.024509804 0.064705886 0.024509804 1
0.025490196 0.064705886 0.024509804 1
0.026470589 0.063725494 0.024509804 1
0.026470589 0.063725494 0.021568628 1
0.026470589 0.0627451   0.021568628 1
0.02745098  0.0627451   0.021568628 1
0.02745098  0.061764706 0.021568628 1
0.02745098  0.060784314 0.023529412 1
0.029411765 0.05980392  0.024509804 1
0.026470589 0.05980392  0.023529412 1
0.02745098  0.05980392  0.02254902  1
0.029411765 0.05882353  0.02254902  1
0.030392157 0.057843138 0.02254902  1
0.030392157 0.057843138 0.02254902  1
0.030392157 0.056862745 0.019607844 1
0.029411765 0.056862745 0.018627452 1
0.029411765 0.055882353 0.01764706  1
0.029411765 0.05490196  0.021568628 1
0.030392157 0.05490196  0.021568628 1
0.029411765 0.052941177 0.020588236 1
0.025490196 0.052941177 0.020588236 1
0.025490196 0.051960785 0.021568628 1
0.026470589 0.051960785 0.018627452 1
0.025490196 0.04901961  0.01764706  1
0.026470589 0.05        0.016666668 1
0.026470589 0.05        0.016666668 1
0.025490196 0.050980393 0.016666668 1
0.025490196 0.050980393 0.014705882 1
0.025490196 0.05        0.015686275 1
0.024509804 0.04901961  0.016666668 1
0.024509804 0.04901961  0.016666668 1
0.024509804 0.04901961  0.01764706  1
0.024509804 0.047058824 0.020588236 1
0.02254902  0.047058824 0.021568628 1
0.02254902  0.046078432 0.021568628 1
0.02254902  0.04509804  0.020588236 1
0.02254902  0.04509804  0.018627452 1
0.02254902  0.04509804  0.019607844 1
0.02254902  0.04509804  0.018627452 1
0.02254902  0.04509804  0.018627452 1
0.02254902  0.043137256 0.018627452 1
0.02254902  0.042156864 0.019607844 1
0.020588236 0.042156864 0.019607844 1
0.020588236 0.04019608  0.019607844 1
0.019607844 0.04117647  0.019607844 1
0.019607844 0.04117647  0.019607844 1
0.020588236 0.04019608  0.018627452 1
0.020588236 0.04019608  0.015686275 1
0.018627452 0.04117647  0.016666668 1
0.019607844 0.04117647  0.01764706  1
0.018627452 0.04117647  0.016666668 1
0.018627452 0.04117647  0.016666668 1
0.018627452 0.04019608  0.019607844 1
0.018627452 0.04019608  0.019607844 1
0.018627452 0.04019608  0.01764706  1
0.018627452 0.04019608  0.015686275 1
0.018627452 0.04019608  0.016666668 1
0.018627452 0.039215688 0.016666668 1
0.01764706  0.039215688 0.01764706  1
0.01764706  0.039215688 0.01764706  1
0.018627452 0.043137256 0.019607844 1
0.01764706  0.04411765  0.014705882 1
0.01764706  0.04509804  0.01372549  1
0.01764706  0.04509804  0.01372549  1
0.01764706  0.048039217 0.01372549  1
0.016666668 0.04901961  0.016666668 1
0.016666668 0.04901961  0.016666668 1
0.016666668 0.04901961  0.01764706  1
0.016666668 0.050980393 0.020588236 1
0.016666668 0.050980393 0.021568628 1
0.015686275 0.05        0.020588236 1
0.015686275 0.05        0.020588236 1
0.01764706  0.05        0.01764706  1
0.016666668 0.048039217 0.016666668 1
0.016666668 0.048039217 0.016666668 1
0.016666668 0.048039217 0.016666668 1
0.016666668 0.04411765  0.015686275 1
0.015686275 0.04411765  0.016666668 1
0.016666668 0.043137256 0.021568628 1
0.016666668 0.043137256 0.020588236 1
0.015686275 0.04411765  0.020588236 1
0.015686275 0.04411765  0.019607844 1
0.016666668 0.04509804  0.019607844 1
0.016666668 0.046078432 0.019607844 1
0.015686275 0.04901961  0.019607844 1
0.015686275 0.050980393 0.019607844 1
0.016666668 0.05        0.018627452 1
0.015686275 0.051960785 0.018627452 1
0.015686275 0.05882353  0.019607844 1
0.019607844 0.05882353  0.019607844 1
0.019607844 0.05980392  0.020588236 1
0.019607844 0.05980392  0.019607844 1
0.015686275 0.0627451   0.019607844 1
0.015686275 0.060784314 0.018627452 1
0.015686275 0.05980392  0.018627452 1
0.015686275 0.05980392  0.01764706  1
0.016666668 0.05490196  0.018627452 1
0.016666668 0.050980393 0.019607844 1
0.015686275 0.050980393 0.01764706  1
0.015686275 0.050980393 0.01372549  1
0.015686275 0.04901961  0.012745098 1
0.015686275 0.048039217 0.012745098 1
0.015686275 0.04901961  0.020588236 1
0.014705882 0.04901961  0.020588236 1
0.014705882 0.05        0.020588236 1
0.014705882 0.05        0.019607844 1
0.014705882 0.05392157  0.018627452 1
0.014705882 0.05392157  0.014705882 1
0.015686275 0.05392157  0.014705882 1
0.014705882 0.05392157  0.014705882 1
0.015686275 0.05490196  0.01372549  1
0.015686275 0.05490196  0.01372549  1
0.015686275 0.05490196  0.016666668 1
0.016666668 0.052941177 0.019607844 1
0.016666668 0.051960785 0.021568628 1
0.016666668 0.050980393 0.021568628 1
0.016666668 0.051960785 0.01764706  1
0.016666668 0.051960785 0.01764706  1
0.016666668 0.052941177 0.01764706  1
0.015686275 0.052941177 0.018627452 1
0.015686275 0.05392157  0.018627452 1
0.015686275 0.05392157  0.019607844 1
0.015686275 0.05490196  0.021568628 1
0.015686275 0.05490196  0.023529412 1
0.014705882 0.05490196  0.023529412 1
0.015686275 0.055882353 0.02745098  1
0.014705882 0.05490196  0.026470589 1
0.014705882 0.05490196  0.026470589 1
0.015686275 0.05490196  0.019607844 1
0.015686275 0.05490196  0.018627452 1
0.015686275 0.05490196  0.01764706  1
0.015686275 0.05490196  0.016666668 1
0.015686275 0.05490196  0.015686275 1
0.015686275 0.05490196  0.01372549  1
0.015686275 0.05490196  0.01372549  1
0.016666668 0.05392157  0.01372549  1
0.016666668 0.05392157  0.01372549  1
0.016666668 0.05392157  0.01372549  1
0.016666668 0.05392157  0.014705882 1
0.016666668 0.05392157  0.015686275 1
0.016666668 0.052941177 0.015686275 1
0.016666668 0.052941177 0.015686275 1
0.016666668 0.052941177 0.015686275 1
0.01764706  0.052941177 0.015686275 1
0.01764706  0.05        0.015686275 1
0.016666668 0.05        0.01372549  1
0.016666668 0.05        0.014705882 1
0.016666668 0.05        0.01372549  1
0.016666668 0.05        0.015686275 1
0.016666668 0.050980393 0.015686275 1
0.016666668 0.051960785 0.015686275 1
0.014705882 0.051960785 0.015686275 1
0.014705882 0.05392157  0.015686275 1
0.014705882 0.05392157  0.015686275 1
0.015686275 0.055882353 0.015686275 1
0.015686275 0.055882353 0.015686275 1
0.015686275 0.056862745 0.014705882 1
0.015686275 0.060784314 0.014705882 1
0.014705882 0.061764706 0.014705882 1
0.015686275 0.0627451   0.01372549  1
0.015686275 0.0627451   0.01372549  1
0.015686275 0.0627451   0.016666668 1
0.016666668 0.063725494 0.016666668 1
0.01764706  0.07450981  0.01764706  1
0.016666668 0.07450981  0.01764706  1
0.016666668 0.07450981  0.015686275 1
0.015686275 0.073529415 0.015686275 1
0.016666668 0.07254902  0.015686275 1
0.016666668 0.07156863  0.015686275 1
0.016666668 0.07156863  0.015686275 1
0.016666668 0.06666667  0.015686275 1
0.016666668 0.06666667  0.014705882 1
0.016666668 0.06666667  0.014705882 1
0.015686275 0.06568628  0.01372549  1
0.015686275 0.064705886 0.014705882 1
0.015686275 0.064705886 0.01372549  1
0.01372549  0.0627451   0.01372549  1
0.01372549  0.0627451   0.01372549  1
0.014705882 0.0627451   0.01372549  1
0.014705882 0.0627451   0.01372549  1
0.014705882 0.061764706 0.01372549  1
0.016666668 0.061764706 0.01372549  1
0.016666668 0.060784314 0.01372549  1
0.016666668 0.060784314 0.01372549  1
0.018627452 0.060784314 0.01372549  1
0.018627452 0.060784314 0.01372549  1
0.018627452 0.05882353  0.01372549  1
0.018627452 0.05882353  0.01372549  1
0.018627452 0.057843138 0.01764706  1
0.018627452 0.055882353 0.018627452 1
0.018627452 0.052941177 0.018627452 1
0.019607844 0.052941177 0.018627452 1
0.019607844 0.051960785 0.020588236 1
0.019607844 0.051960785 0.02745098  1
0.019607844 0.050980393 0.026470589 1
0.019607844 0.051960785 0.026470589 1
0.019607844 0.052941177 0.02745098  1
0.018627452 0.052941177 0.028431373 1
0.019607844 0.052941177 0.028431373 1
0.018627452 0.05392157  0.028431373 1
0.019607844 0.051960785 0.029411765 1
0.020588236 0.05392157  0.03137255  1
0.020588236 0.05392157  0.03627451  1
0.020588236 0.05392157  0.037254903 1
0.019607844 0.05392157  0.037254903 1
0.019607844 0.05392157  0.034313727 1
0.019607844 0.05490196  0.034313727 1
0.019607844 0.05392157  0.034313727 1
0.019607844 0.055882353 0.033333335 1
0.020588236 0.05490196  0.03627451  1
0.019607844 0.055882353 0.03627451  1
0.021568628 0.055882353 0.03627451  1
0.019607844 0.055882353 0.03627451  1
0.020588236 0.05882353  0.03529412  1
0.019607844 0.05882353  0.034313727 1
0.020588236 0.05882353  0.034313727 1
0.020588236 0.05882353  0.034313727 1
0.019607844 0.05980392  0.034313727 1
0.019607844 0.05882353  0.034313727 1
0.021568628 0.05980392  0.03529412  1
0.021568628 0.05882353  0.03529412  1
0.020588236 0.055882353 0.03529412  1
0.021568628 0.055882353 0.03529412  1
0.021568628 0.055882353 0.03529412  1
0.021568628 0.05490196  0.03529412  1
0.021568628 0.05490196  0.03529412  1
0.02254902  0.052941177 0.03529412  1
0.02254902  0.052941177 0.03529412  1
0.023529412 0.052941177 0.03529412  1
0.02254902  0.05490196  0.03529412  1
0.02254902  0.057843138 0.034313727 1
0.02254902  0.060784314 0.034313727 1
0.02254902  0.060784314 0.034313727 1
0.02254902  0.060784314 0.034313727 1
0.02254902  0.061764706 0.03529412  1
0.02254902  0.061764706 0.034313727 1
0.021568628 0.0627451   0.034313727 1
0.02254902  0.0627451   0.034313727 1
0.021568628 0.0627451   0.034313727 1
0.021568628 0.0627451   0.033333335 1
0.021568628 0.064705886 0.034313727 1
0.021568628 0.064705886 0.034313727 1
0.021568628 0.064705886 0.034313727 1
0.021568628 0.064705886 0.034313727 1
0.021568628 0.064705886 0.03529412  1
0.021568628 0.063725494 0.03529412  1
0.021568628 0.061764706 0.03529412  1
0.021568628 0.061764706 0.034313727 1
0.021568628 0.061764706 0.034313727 1
0.021568628 0.060784314 0.03529412  1
0.020588236 0.05980392  0.03529412  1
0.020588236 0.05882353  0.03529412  1
0.021568628 0.05882353  0.033333335 1
0.02254902  0.057843138 0.034313727 1
0.02254902  0.055882353 0.034313727 1
0.020588236 0.05392157  0.034313727 1
0.020588236 0.05392157  0.03529412  1
0.020588236 0.052941177 0.034313727 1
0.020588236 0.051960785 0.03529412  1
0.02254902  0.051960785 0.03529412  1
0.021568628 0.050980393 0.03529412  1
0.021568628 0.050980393 0.034313727 1
0.021568628 0.050980393 0.03529412  1
0.021568628 0.050980393 0.034313727 1
0.021568628 0.050980393 0.034313727 1
0.021568628 0.050980393 0.03529412  1
0.021568628 0.052941177 0.034313727 1
0.021568628 0.052941177 0.034313727 1
0.021568628 0.05392157  0.034313727 1
0.021568628 0.05392157  0.03529412  1
0.021568628 0.05490196  0.03529412  1
0.021568628 0.055882353 0.03529412  1
0.02254902  0.055882353 0.034313727 1
0.021568628 0.055882353 0.034313727 1
0.021568628 0.055882353 0.03529412  1
0.060784314 0.23137255  0.23137255  2
0.05882353  0.23529412  0.23333333  2
0.056862745 0.23529412  0.23333333  2
0.057843138 0.23529412  0.23333333  2
0.05882353  0.23529412  0.23333333  2
0.05882353  0.23529412  0.23431373  2
0.05882353  0.23529412  0.23431373  2
0.05980392  0.23431373  0.23431373  2
0.061764706 0.23431373  0.23431373  2
0.061764706 0.23529412  0.23431373  2
0.0627451   0.23529412  0.23431373  2
0.0627451   0.23627451  0.23431373  2
0.0627451   0.2372549   0.23333333  2
0.0627451   0.24215686  0.23333333  2
0.0627451   0.24313726  0.23529412  2
0.061764706 0.24313726  0.23627451  2
0.061764706 0.24803922  0.2372549   2
0.061764706 0.25        0.2382353   2
0.060784314 0.25        0.23921569  2
0.060784314 0.2509804   0.23921569  2
0.060784314 0.2529412   0.24019608  2
0.061764706 0.2529412   0.24117647  2
0.061764706 0.2529412   0.24411765  2
0.061764706 0.25392157  0.24411765  2
0.0627451   0.25392157  0.24411765  2
0.061764706 0.25392157  0.24411765  2
0.060784314 0.25392157  0.24411765  2
0.0627451   0.25392157  0.24411765  2
0.0627451   0.25392157  0.24411765  2
0.063725494 0.25196078  0.24411765  2
0.063725494 0.25196078  0.24313726  2
0.064705886 0.25        0.24313726  2
0.064705886 0.2509804   0.24313726  2
0.06568628  0.2509804   0.24313726  2
0.06568628  0.25        0.24215686  2
0.06568628  0.25        0.24215686  2
0.063725494 0.25        0.24215686  2
0.063725494 0.24705882  0.24215686  2
0.061764706 0.24705882  0.24215686  2
0.061764706 0.24705882  0.24215686  2
0.0627451   0.24901961  0.24215686  2
0.061764706 0.24705882  0.24313726  2
0.0627451   0.24705882  0.24313726  2
0.063725494 0.24803922  0.24215686  2
0.0627451   0.24901961  0.24313726  2
0.061764706 0.24901961  0.24313726  2
0.0627451   0.24901961  0.24215686  2
0.0627451   0.25        0.24215686  2
0.061764706 0.25392157  0.24215686  2
0.061764706 0.25490198  0.24215686  2
0.05980392  0.25588235  0.24117647  2
0.057843138 0.25588235  0.24117647  2
0.060784314 0.25686276  0.24117647  2
0.05980392  0.25588235  0.24117647  2
0.05980392  0.25588235  0.24117647  2
0.05980392  0.25686276  0.24019608  2
0.05980392  0.25784314  0.24019608  2
0.05980392  0.25588235  0.24019608  2
0.060784314 0.25784314  0.24019608  2
0.060784314 0.25882354  0.24019608  2
0.060784314 0.25882354  0.23921569  2
0.060784314 0.26078433  0.23921569  2
0.05980392  0.26078433  0.23921569  2
0.05980392  0.2627451   0.2382353   2
0.05980392  0.2647059   0.2382353   2
0.05980392  0.26666668  0.2382353   2
0.061764706 0.26862746  0.2382353   2
0.061764706 0.27156863  0.23921569  2
0.061764706 0.27254903  0.23921569  2
0.063725494 0.27254903  0.23921569  2
0.0627451   0.2735294   0.2382353   2
0.060784314 0.27450982  0.24019608  2
0.060784314 0.2754902   0.23921569  2
0.05882353  0.2754902   0.24019608  2
0.057843138 0.2754902   0.23921569  2
0.056862745 0.27450982  0.24019608  2
0.055882353 0.27450982  0.24019608  2
0.05392157  0.25588235  0.24117647  2
0.055882353 0.25        0.24117647  2
0.05490196  0.24803922  0.24019608  2
0.05490196  0.23333333  0.23921569  2
0.05882353  0.22745098  0.23921569  2
0.061764706 0.22156863  0.2372549   2
0.061764706 0.22156863  0.2372549   2
0.061764706 0.22058824  0.23627451  2
0.063725494 0.21764706  0.23529412  2
0.061764706 0.21372549  0.22941177  2
0.0627451   0.21470588  0.22941177  2
0.063725494 0.21470588  0.23039216  2
0.07745098  0.21470588  0.23039216  2
0.07647059  0.21372549  0.23039216  2
0.0754902   0.21372549  0.23137255  2
0.07254902  0.21078432  0.22647059  2
0.07745098  0.20980392  0.2254902   2
0.07941177  0.20980392  0.22254902  2
0.07941177  0.21568628  0.22058824  2
0.0754902   0.2245098   0.22058824  2
0.07450981  0.2245098   0.21960784  2
0.07450981  0.22941177  0.21960784  2
0.073529415 0.2382353   0.21960784  2
0.078431375 0.23921569  0.22156863  2
0.078431375 0.2382353   0.22156863  2
0.08039216  0.2372549   0.22156863  2
0.073529415 0.23039216  0.22156863  2
0.073529415 0.23039216  0.22058824  2
0.0754902   0.22843137  0.22156863  2
0.073529415 0.22647059  0.22058824  2
0.0754902   0.22647059  0.22058824  2
0.07647059  0.2254902   0.22058824  2
0.073529415 0.22254902  0.22058824  2
0.07254902  0.22254902  0.22058824  2
0.073529415 0.22254902  0.22156863  2
0.07254902  0.21862745  0.22156863  2
0.07254902  0.21862745  0.2245098   2
0.07254902  0.21862745  0.2245098   2
0.07156863  0.21764706  0.2254902   2
0.07254902  0.21764706  0.22745098  2
0.07156863  0.21568628  0.22843137  2
0.07156863  0.21078432  0.22843137  2
0.07156863  0.20980392  0.22843137  2
0.06960785  0.20784314  0.22745098  2
0.06960785  0.20784314  0.2254902   2
0.06960785  0.20686275  0.2254902   2
0.068627454 0.20588236  0.2254902   2
0.07058824  0.20392157  0.2245098   2
0.07156863  0.2009804   0.22352941  2
0.06960785  0.2         0.22352941  2
0.06764706  0.2         0.22352941  2
0.06764706  0.19803922  0.22647059  2
0.06764706  0.19803922  0.22647059  2
0.064705886 0.19803922  0.22843137  2
0.061764706 0.19607843  0.22647059  2
0.061764706 0.19607843  0.2254902   2
0.0627451   0.19705883  0.2254902   2
0.0627451   0.19803922  0.2254902   2
0.063725494 0.19803922  0.22352941  2
0.064705886 0.19803922  0.2245098   2
0.064705886 0.19803922  0.2245098   2
0.064705886 0.19705883  0.2245098   2
0.0627451   0.19705883  0.22352941  2
0.063725494 0.19509804  0.22352941  2
0.063725494 0.19313726  0.2245098   2
0.06568628  0.19215687  0.2245098   2
0.07450981  0.19215687  0.22352941  2
0.07745098  0.18921569  0.22254902  2
0.07941177  0.18921569  0.22156863  2
0.07450981  0.18921569  0.22156863  2
0.063725494 0.1882353   0.22156863  2
0.0627451   0.1872549   0.22156863  2
0.0627451   0.1872549   0.22156863  2
0.0627451   0.1872549   0.22156863  2
0.05882353  0.18627451  0.22058824  2
0.05882353  0.18529412  0.21960784  2
0.05980392  0.18431373  0.21862745  2
0.05980392  0.18333334  0.21862745  2
0.05980392  0.18039216  0.21862745  2
0.057843138 0.17843138  0.21764706  2
0.057843138 0.1764706   0.21666667  2
0.057843138 0.1764706   0.21666667  2
0.057843138 0.17450981  0.21470588  2
0.057843138 0.17156863  0.21470588  2
0.05882353  0.17156863  0.21372549  2
0.057843138 0.16960785  0.21176471  2
0.056862745 0.16862746  0.2127451   2
0.055882353 0.16862746  0.21078432  2
0.057843138 0.16862746  0.20980392  2
0.055882353 0.16764706  0.20784314  2
0.05        0.16764706  0.20882353  2
0.047058824 0.16666667  0.20882353  2
0.047058824 0.16470589  0.20588236  2
0.046078432 0.1627451   0.20588236  2
0.04509804  0.15686275  0.20490196  2
0.047058824 0.15686275  0.20490196  2
0.048039217 0.15392157  0.20490196  2
0.048039217 0.15392157  0.20490196  2
0.05        0.15392157  0.20392157  2
0.04901961  0.15196079  0.20686275  2
0.04901961  0.1509804   0.20686275  2
0.04509804  0.15196079  0.20686275  2
0.043137256 0.15294118  0.20784314  2
0.043137256 0.15392157  0.20980392  2
0.042156864 0.15588236  0.20980392  2
0.043137256 0.15588236  0.21078432  2
0.043137256 0.15392157  0.21078432  2
0.043137256 0.15294118  0.21470588  2
0.043137256 0.15392157  0.21666667  2
0.043137256 0.15294118  0.21666667  2
0.042156864 0.15196079  0.21666667  2
0.042156864 0.15        0.22254902  2
0.04019608  0.1509804   0.22254902  2
0.039215688 0.15294118  0.22254902  2
0.039215688 0.15294118  0.22254902  2
0.04019608  0.15196079  0.2254902   2
0.039215688 0.15392157  0.22352941  2
0.038235296 0.15392157  0.22352941  2
0.039215688 0.15392157  0.22352941  2
0.039215688 0.15588236  0.2245098   2
0.039215688 0.15588236  0.2245098   2
0.039215688 0.15588236  0.2245098   2
0.039215688 0.15294118  0.2245098   2
0.039215688 0.15196079  0.22352941  2
0.039215688 0.15196079  0.22254902  2
0.039215688 0.15196079  0.22254902  2
0.039215688 0.15294118  0.22254902  2
0.039215688 0.15490197  0.22254902  2
0.038235296 0.15588236  0.22254902  2
0.037254903 0.15588236  0.22254902  2
0.037254903 0.16078432  0.22254902  2
0.033333335 0.16078432  0.22254902  2
0.03529412  0.15980393  0.22254902  2
0.03529412  0.15980393  0.22352941  2
0.034313727 0.16862746  0.22352941  2
0.03529412  0.17058824  0.22352941  2
0.03529412  0.17058824  0.22352941  2
0.034313727 0.17058824  0.2254902   2
0.033333335 0.17254902  0.2254902   2
0.033333335 0.17254902  0.2245098   2
0.033333335 0.17352942  0.2245098   2
0.033333335 0.17352942  0.2245098   2
0.033333335 0.18137255  0.22352941  2
0.03137255  0.18333334  0.22254902  2
0.03137255  0.18333334  0.22254902  2
0.032352943 0.18627451  0.21862745  2
0.032352943 0.1872549   0.21764706  2
0.03137255  0.19019608  0.21666667  2
0.033333335 0.19313726  0.21666667  2
0.033333335 0.20882353  0.21764706  2
0.033333335 0.20882353  0.21764706  2
0.034313727 0.20980392  0.21960784  2
0.037254903 0.23039216  0.21862745  2
0.038235296 0.23235294  0.21960784  2
0.038235296 0.23431373  0.21960784  2
0.04117647  0.2372549   0.21960784  2
0.04117647  0.24509804  0.21764706  2
0.042156864 0.24607843  0.21764706  2
0.043137256 0.24607843  0.21568628  2
0.04411765  0.24705882  0.21470588  2
0.046078432 0.24803922  0.21078432  2
0.048039217 0.24215686  0.21078432  2
0.048039217 0.24117647  0.20882353  2
0.05392157  0.24215686  0.21078432  2
0.05392157  0.24117647  0.20980392  2
0.057843138 0.24117647  0.20980392  2
0.057843138 0.24215686  0.21176471  2
0.057843138 0.24215686  0.21078432  2
0.057843138 0.24117647  0.21078432  2
0.061764706 0.24509804  0.21078432  2
0.0627451   0.24509804  0.21078432  2
0.0627451   0.24607843  0.21176471  2
0.064705886 0.24607843  0.21176471  2
0.06666667  0.24607843  0.21176471  2
0.068627454 0.24901961  0.20980392  2
0.06666667  0.24901961  0.21078432  2
0.06764706  0.24803922  0.21078432  2
0.06764706  0.24803922  0.21372549  2
0.068627454 0.23921569  0.21666667  2
0.06764706  0.23921569  0.21568628  2
0.06666667  0.23921569  0.21568628  2
0.06666667  0.23921569  0.21666667  2
0.06666667  0.2372549   0.21666667  2
0.06666667  0.23627451  0.21960784  2
0.0627451   0.23529412  0.21862745  2
0.0627451   0.23529412  0.21960784  2
0.063725494 0.23235294  0.22058824  2
0.06568628  0.22843137  0.22058824  2
0.06568628  0.2254902   0.22058824  2
0.06666667  0.22156863  0.22156863  2
0.06666667  0.22156863  0.22352941  2
0.06568628  0.22156863  0.2245098   2
0.06568628  0.22156863  0.22843137  2
0.06568628  0.22156863  0.22843137  2
0.06568628  0.22156863  0.22843137  2
0.06666667  0.22352941  0.22843137  2
0.068627454 0.22352941  0.22745098  2
0.07156863  0.2254902   0.22745098  2
0.07745098  0.2245098   0.22745098  2
0.08137255  0.23039216  0.2254902   2
0.08137255  0.23235294  0.22156863  2
0.09411765  0.23529412  0.22156863  2
0.09411765  0.23529412  0.22254902  2
0.097058825 0.2382353   0.22058824  2
0.110784315 0.23921569  0.22254902  2
0.106862746 0.24019608  0.22254902  2
0.106862746 0.24705882  0.21862745  2
0.10490196  0.24705882  0.21764706  2
0.101960786 0.24705882  0.21666667  2
0.09019608  0.2617647   0.21666667  2
0.09019608  0.2627451   0.21568628  2
0.087254904 0.2627451   0.21176471  2
0.063725494 0.26568627  0.21078432  2
0.063725494 0.27156863  0.21176471  2
0.0627451   0.27156863  0.2127451   2
0.0627451   0.27254903  0.2127451   2
0.060784314 0.27058825  0.21176471  2
0.05980392  0.26568627  0.21176471  2
0.05980392  0.2647059   0.20490196  2
0.05980392  0.2647059   0.20392157  2
0.05980392  0.2637255   0.20392157  2
0.05980392  0.25882354  0.19313726  2
0.05980392  0.25882354  0.19313726  2
0.05980392  0.25882354  0.19215687  2
0.056862745 0.25784314  0.19215687  2
0.05490196  0.25784314  0.19117647  2
0.05490196  0.25882354  0.19117647  2
0.05490196  0.25882354  0.19117647  2
0.050980393 0.25882354  0.19019608  2
0.050980393 0.25882354  0.1882353   2
0.05        0.25588235  0.1882353   2
0.048039217 0.25490198  0.1882353   2
0.047058824 0.25392157  0.18921569  2
0.04411765  0.25392157  0.18921569  2
0.042156864 0.25392157  0.1872549   2
0.042156864 0.2509804   0.1882353   2
0.039215688 0.24901961  0.18921569  2
0.037254903 0.24901961  0.1882353   2
0.037254903 0.24901961  0.18235295  2
0.037254903 0.24607843  0.18137255  2
0.037254903 0.24607843  0.18039216  2
0.033333335 0.24509804  0.18039216  2
0.03137255  0.24509804  0.18039216  2
0.037254903 0.24803922  0.18039216  2
0.037254903 0.24705882  0.18137255  2
0.037254903 0.24705882  0.18039216  2
0.03137255  0.24705882  0.18333334  2
0.030392157 0.25        0.18431373  2
0.028431373 0.24901961  0.18529412  2
0.029411765 0.24803922  0.18627451  2
0.029411765 0.24803922  0.18627451  2
0.02745098  0.24509804  0.18627451  2
0.026470589 0.24607843  0.18627451  2
0.026470589 0.24803922  0.18627451  2
0.026470589 0.25        0.18627451  2
0.026470589 0.2509804   0.1872549   2
0.025490196 0.2509804   0.1872549   2
0.02745098  0.2509804   0.1872549   2
0.02745098  0.2509804   0.1872549   2
0.029411765 0.25196078  0.1872549   2
0.029411765 0.2529412   0.1872549   2
0.02745098  0.2617647   0.18921569  2
0.02254902  0.2617647   0.19019608  2
0.02254902  0.2617647   0.19215687  2
0.023529412 0.2617647   0.19215687  2
0.021568628 0.26078433  0.19607843  2
0.020588236 0.26764706  0.19705883  2
0.020588236 0.27156863  0.19803922  2
0.02254902  0.2735294   0.19901961  2
0.02254902  0.27450982  0.2         2
0.02254902  0.27450982  0.20294118  2
0.02254902  0.27450982  0.20392157  2
0.024509804 0.2735294   0.20392157  2
0.024509804 0.27450982  0.20588236  2
0.024509804 0.27450982  0.20686275  2
0.024509804 0.2754902   0.20686275  2
0.025490196 0.2754902   0.20784314  2
0.025490196 0.2754902   0.20980392  2
0.025490196 0.2754902   0.21078432  2
0.026470589 0.2764706   0.21078432  2
0.026470589 0.2764706   0.21078432  2
0.026470589 0.27745098  0.21176471  2
0.025490196 0.2764706   0.21470588  2
0.02745098  0.2764706   0.21568628  2
0.02745098  0.2764706   0.21666667  2
0.02745098  0.2754902   0.21666667  2
0.028431373 0.2754902   0.21666667  2
0.029411765 0.2754902   0.21666667  2
0.029411765 0.2754902   0.21862745  2
0.029411765 0.2754902   0.22058824  2
0.030392157 0.2754902   0.22156863  2
0.02745098  0.2872549   0.22156863  2
0.02745098  0.2872549   0.22352941  2
0.028431373 0.2872549   0.22745098  2
0.028431373 0.2872549   0.22745098  2
0.028431373 0.2872549   0.22745098  2
0.029411765 0.28235295  0.22745098  2
0.029411765 0.28235295  0.2254902   2
0.029411765 0.28235295  0.22647059  2
0.03137255  0.28235295  0.22745098  2
0.030392157 0.28137255  0.22745098  2
0.03137255  0.28137255  0.22745098  2
0.03137255  0.27745098  0.22647059  2
0.030392157 0.28333333  0.22647059  2
0.030392157 0.29411766  0.2254902   2
0.030392157 0.29215688  0.22647059  2
0.030392157 0.29215688  0.2245098   2
0.032352943 0.28921568  0.2254902   2
0.032352943 0.28627452  0.2245098   2
0.033333335 0.27254903  0.22647059  2
0.033333335 0.27254903  0.22745098  2
0.033333335 0.27254903  0.22745098  2
0.034313727 0.27450982  0.22745098  2
0.034313727 0.27450982  0.22745098  2
0.034313727 0.2735294   0.22745098  2
0.034313727 0.2735294   0.22843137  2
0.033333335 0.27156863  0.22941177  2
0.03529412  0.26568627  0.22941177  2
0.03529412  0.26568627  0.22745098  2
0.03529412  0.2637255   0.22843137  2
0.03627451  0.2637255   0.22843137  2
0.03627451  0.2637255   0.22843137  2
0.03627451  0.26078433  0.22843137  2
0.037254903 0.26078433  0.22745098  2
0.037254903 0.26078433  0.22745098  2
0.038235296 0.26078433  0.22647059  2
0.046078432 0.2617647   0.22647059  2
0.04509804  0.2617647   0.22647059  2
0.04509804  0.2617647   0.22647059  2
0.04411765  0.2617647   0.22843137  2
0.04411765  0.2627451   0.22843137  2
0.04117647  0.2617647   0.22843137  2
0.04117647  0.2617647   0.22843137  2
0.04117647  0.26078433  0.22843137  2
0.04117647  0.25980392  0.22745098  2
0.042156864 0.25980392  0.22745098  2
0.043137256 0.26078433  0.22745098  2
0.043137256 0.2627451   0.22843137  2
0.043137256 0.2627451   0.22843137  2
0.042156864 0.2627451   0.22843137  2
0.043137256 0.2637255   0.22843137  2
0.043137256 0.2647059   0.22843137  2
0.043137256 0.27058825  0.22843137  2
0.043137256 0.27058825  0.22843137  2
0.043137256 0.2735294   0.22941177  2
0.04411765  0.2754902   0.22941177  2
0.04901961  0.2764706   0.22941177  2
0.05        0.28333333  0.23039216  2
0.051960785 0.28333333  0.23039216  2
0.051960785 0.28333333  0.23039216  2
0.051960785 0.28333333  0.23137255  2
0.051960785 0.28137255  0.23137255  2
0.051960785 0.28137255  0.23137255  2
0.051960785 0.28137255  0.23137255  2
0.051960785 0.28039217  0.23137255  2
0.050980393 0.28137255  0.23039216  2
0.050980393 0.28431374  0.23039216  2
0.050980393 0.28431374  0.23039216  2
0.051960785 0.28627452  0.22843137  2
0.051960785 0.29117647  0.22843137  2
0.05392157  0.29313725  0.22843137  2
0.05392157  0.29313725  0.22843137  2
0.05392157  0.29313725  0.22647059  2
0.055882353 0.29313725  0.2254902   2
0.055882353 0.29117647  0.2254902   2
0.055882353 0.29117647  0.2254902   2
0.05882353  0.29313725  0.2254902   2
0.05882353  0.29313725  0.2254902   2
0.060784314 0.29313725  0.2254902   2
0.060784314 0.29215688  0.2254902   2
0.0627451   0.29215688  0.2254902   2
0.061764706 0.29607844  0.2254902   2
0.061764706 0.29509804  0.2254902   2
0.061764706 0.29607844  0.2245098   2
0.05490196  0.29607844  0.2254902   2
0.05490196  0.29607844  0.2254902   2
0.055882353 0.29509804  0.22647059  2
0.057843138 0.29411766  0.22745098  2
0.057843138 0.29411766  0.2254902   2
0.057843138 0.29313725  0.2254902   2
0.057843138 0.29313725  0.2254902   2
0.057843138 0.29313725  0.2245098   2
0.056862745 0.29313725  0.2245098   2
0.05490196  0.29215688  0.2245098   2
0.05392157  0.29313725  0.2254902   2
0.05392157  0.2882353   0.22647059  2
0.05392157  0.2882353   0.22647059  2
0.05490196  0.28921568  0.22647059  2
0.057843138 0.29117647  0.2254902   2
0.056862745 0.29411766  0.2245098   2
0.057843138 0.29509804  0.22352941  2
0.05882353  0.2990196   0.2245098   2
0.05882353  0.3009804   0.22254902  2
0.05882353  0.3019608   0.22254902  2
0.056862745 0.3009804   0.22254902  2
0.05490196  0.29607844  0.22254902  2
0.05490196  0.29607844  0.22156863  2
0.052941177 0.28627452  0.22156863  2
0.050980393 0.28137255  0.22254902  2
0.050980393 0.27156863  0.22254902  2
0.052941177 0.26862746  0.22254902  2
0.051960785 0.26568627  0.22352941  2
0.050980393 0.2647059   0.22352941  2
0.050980393 0.2647059   0.22352941  2
0.050980393 0.2647059   0.22254902  2
0.050980393 0.2647059   0.22254902  2
0.051960785 0.2627451   0.22254902  2
0.051960785 0.2627451   0.22352941  2
0.051960785 0.25882354  0.22352941  2
0.051960785 0.25588235  0.22352941  2
0.050980393 0.25588235  0.2245098   2
0.050980393 0.25392157  0.22058824  2
0.050980393 0.25196078  0.22058824  2
0.04901961  0.25196078  0.21862745  2
0.04901961  0.25196078  0.21862745  2
0.04901961  0.25        0.21960784  2
0.047058824 0.24901961  0.21862745  2
0.047058824 0.24607843  0.21960784  2
0.047058824 0.24215686  0.21960784  2
0.047058824 0.2382353   0.21960784  2
0.047058824 0.23627451  0.21960784  2
0.047058824 0.23431373  0.21960784  2
0.046078432 0.23431373  0.21960784  2
0.34509805  0.15882353  0.063725494 3
0.34705883  0.14607844  0.05490196  3
0.3480392   0.14509805  0.056862745 3
0.3480392   0.14509805  0.05980392  3
0.34901962  0.14705883  0.05882353  3
0.35        0.14705883  0.05882353  3
0.35686275  0.14607844  0.061764706 3
0.35784313  0.14509805  0.063725494 3
0.35980392  0.14411765  0.06568628  3
0.35980392  0.14215687  0.06568628  3
0.35980392  0.14117648  0.06568628  3
0.36078432  0.14117648  0.064705886 3
0.35686275  0.14019608  0.063725494 3
0.35784313  0.14117648  0.061764706 3
0.35784313  0.14019608  0.061764706 3
0.35588235  0.14019608  0.0627451   3
0.36960784  0.1392157   0.06666667  3
0.37058824  0.1382353   0.06666667  3
0.36960784  0.1382353   0.06666667  3
0.3617647   0.13725491  0.06568628  3
0.35882354  0.13627452  0.06568628  3
0.35882354  0.13627452  0.064705886 3
0.35392156  0.1392157   0.063725494 3
0.35392156  0.14019608  0.061764706 3
0.35588235  0.14117648  0.060784314 3
0.35784313  0.14117648  0.060784314 3
0.3617647   0.14117648  0.05980392  3
0.36568627  0.14215687  0.05980392  3
0.36568627  0.14509805  0.0627451   3
0.36568627  0.14509805  0.06568628  3
0.36372548  0.14901961  0.06666667  3
0.35980392  0.15196079  0.06666667  3
0.35784313  0.15490197  0.06764706  3
0.35686275  0.1637255   0.06764706  3
0.35980392  0.1637255   0.06568628  3
0.3627451   0.16568628  0.06568628  3
0.3647059   0.16568628  0.063725494 3
0.3647059   0.16568628  0.061764706 3
0.3647059   0.16568628  0.061764706 3
0.36078432  0.16568628  0.05980392  3
0.3617647   0.16666667  0.05882353  3
0.3617647   0.16764706  0.057843138 3
0.36372548  0.17156863  0.056862745 3
0.36666667  0.17156863  0.056862745 3
0.36666667  0.1754902   0.056862745 3
0.36862746  0.17941177  0.056862745 3
0.36862746  0.18137255  0.056862745 3
0.36960784  0.18235295  0.05882353  3
0.36666667  0.18333334  0.05980392  3
0.3647059   0.18431373  0.05980392  3
0.35980392  0.18333334  0.060784314 3
0.35686275  0.18137255  0.060784314 3
0.35490197  0.17941177  0.064705886 3
0.3529412   0.17745098  0.06568628  3
0.34705883  0.1754902   0.06666667  3
0.34705883  0.17156863  0.068627454 3
0.34607843  0.17058824  0.06960785  3
0.34607843  0.16960785  0.07156863  3
0.34411764  0.17058824  0.07254902  3
0.34411764  0.16960785  0.073529415 3
0.34607843  0.17254902  0.07450981  3
0.34901962  0.17352942  0.07450981  3
0.3509804   0.17352942  0.07450981  3
0.34901962  0.1764706   0.073529415 3
0.34607843  0.1764706   0.06960785  3
0.34411764  0.1764706   0.068627454 3
0.34215686  0.17843138  0.06568628  3
0.3382353   0.17843138  0.06666667  3
0.32941177  0.18039216  0.06568628  3
0.32647058  0.17941177  0.06666667  3
0.32254902  0.17941177  0.06764706  3
0.32058823  0.17156863  0.06764706  3
0.31470588  0.16960785  0.06666667  3
0.3137255   0.16960785  0.06568628  3
0.3137255   0.17058824  0.0627451   3
0.3137255   0.16960785  0.061764706 3
0.3137255   0.16666667  0.061764706 3
0.3127451   0.16568628  0.061764706 3
0.3107843   0.16568628  0.07058824  3
0.3107843   0.16568628  0.07058824  3
0.3107843   0.16470589  0.07058824  3
0.31764707  0.16470589  0.068627454 3
0.32156864  0.16470589  0.057843138 3
0.32156864  0.16568628  0.056862745 3
0.32254902  0.17058824  0.05882353  3
0.33235294  0.16960785  0.05882353  3
0.33235294  0.17058824  0.05882353  3
0.33137256  0.17058824  0.05882353  3
0.32843137  0.16568628  0.05490196  3
0.327451    0.1637255   0.05490196  3
0.327451    0.16568628  0.05392157  3
0.32941177  0.17450981  0.05392157  3
0.33039215  0.17450981  0.052941177 3
0.33039215  0.1754902   0.05392157  3
0.33039215  0.1764706   0.05490196  3
0.3245098   0.17941177  0.05490196  3
0.32156864  0.1882353   0.05        3
0.3156863   0.19215687  0.05        3
0.31176472  0.19313726  0.048039217 3
0.31176472  0.19313726  0.04509804  3
0.32156864  0.19509804  0.04901961  3
0.32156864  0.19705883  0.052941177 3
0.32941177  0.21176471  0.057843138 3
0.32941177  0.21470588  0.057843138 3
0.32843137  0.21568628  0.056862745 3
0.3254902   0.21470588  0.04117647  3
0.3254902   0.21372549  0.04411765  3
0.32352942  0.21372549  0.04509804  3
0.32254902  0.23529412  0.047058824 3
0.31862745  0.23921569  0.04411765  3
0.31862745  0.23921569  0.037254903 3
0.31862745  0.24117647  0.04019608  3
0.31960785  0.24313726  0.04019608  3
0.31470588  0.24509804  0.04019608  3
0.31470588  0.24411765  0.04019608  3
0.31176472  0.24117647  0.04019608  3
0.30980393  0.24117647  0.039215688 3
0.30980393  0.24019608  0.04509804  3
0.3107843   0.24019608  0.04509804  3
0.31176472  0.24901961  0.04509804  3
0.3137255   0.25        0.046078432 3
0.3137255   0.24705882  0.04509804  3
0.31470588  0.24607843  0.04509804  3
0.3156863   0.24509804  0.04411765  3
0.32058823  0.24411765  0.043137256 3
0.32254902  0.24215686  0.039215688 3
0.32254902  0.24215686  0.039215688 3
0.32156864  0.24215686  0.039215688 3
0.3245098   0.24313726  0.039215688 3
0.32352942  0.24313726  0.037254903 3
0.32352942  0.24313726  0.038235296 3
0.32352942  0.24411765  0.042156864 3
0.32058823  0.24411765  0.043137256 3
0.32058823  0.24411765  0.04509804  3
0.32058823  0.2372549   0.04509804  3
0.31764707  0.23529412  0.04509804  3
0.31764707  0.23529412  0.046078432 3
0.3156863   0.23431373  0.046078432 3
0.3156863   0.2382353   0.04509804  3
0.31470588  0.24117647  0.04509804  3
0.31470588  0.24117647  0.046078432 3
0.3137255   0.24215686  0.04509804  3
0.31470588  0.24411765  0.04411765  3
0.3156863   0.24509804  0.04509804  3
0.3156863   0.24607843  0.047058824 3
0.31666666  0.24607843  0.046078432 3
0.31666666  0.24607843  0.048039217 3
0.31666666  0.24607843  0.048039217 3
0.31764707  0.24705882  0.05        3
0.31764707  0.24509804  0.051960785 3
0.31764707  0.24509804  0.052941177 3
0.31764707  0.24019608  0.052941177 3
0.31666666  0.2382353   0.052941177 3
0.31470588  0.2372549   0.05        3
0.3127451   0.23529412  0.050980393 3
0.3127451   0.23529412  0.051960785 3
0.3137255   0.23627451  0.051960785 3
0.3137255   0.23431373  0.05392157  3
0.3156863   0.22941177  0.05490196  3
0.31666666  0.22647059  0.05490196  3
0.31666666  0.2254902   0.05392157  3
0.31960785  0.22254902  0.050980393 3
0.31960785  0.22254902  0.050980393 3
0.32156864  0.22156863  0.050980393 3
0.32254902  0.21960784  0.052941177 3
0.32254902  0.21862745  0.05392157  3
0.32156864  0.21568628  0.05392157  3
0.32156864  0.21470588  0.055882353 3
0.32156864  0.21470588  0.056862745 3
0.32352942  0.21470588  0.056862745 3
0.32352942  0.21666667  0.056862745 3
0.3245098   0.21666667  0.055882353 3
0.3245098   0.21764706  0.055882353 3
0.3254902   0.21960784  0.055882353 3
0.3254902   0.22156863  0.055882353 3
0.32058823  0.22156863  0.055882353 3
0.32058823  0.22254902  0.05392157  3
0.31862745  0.22254902  0.05392157  3
0.31862745  0.22254902  0.05490196  3
0.31764707  0.22156863  0.05490196  3
0.31960785  0.22058824  0.056862745 3
0.32058823  0.21666667  0.057843138 3
0.32058823  0.21666667  0.057843138 3
0.32058823  0.20588236  0.055882353 3
0.32058823  0.20588236  0.055882353 3
0.32058823  0.20588236  0.05490196  3
0.32058823  0.20588236  0.05490196  3
0.32058823  0.20784314  0.05490196  3
0.32058823  0.20980392  0.05490196  3
0.32058823  0.20980392  0.056862745 3
0.32156864  0.20980392  0.057843138 3
0.32156864  0.2127451   0.057843138 3
0.32156864  0.21960784  0.056862745 3
0.32156864  0.21960784  0.056862745 3
0.32254902  0.21960784  0.055882353 3
0.32254902  0.2127451   0.05392157  3
0.32156864  0.21078432  0.05392157  3
0.32254902  0.20882353  0.052941177 3
0.32254902  0.20882353  0.04901961  3
0.31960785  0.20784314  0.04901961  3
0.31960785  0.20588236  0.052941177 3
0.31862745  0.20490196  0.05392157  3
0.31862745  0.20490196  0.05882353  3
0.31862745  0.20588236  0.055882353 3
0.31960785  0.20686275  0.047058824 3
0.31960785  0.20686275  0.04901961  3
0.31862745  0.20882353  0.051960785 3
0.31960785  0.20980392  0.055882353 3
0.32058823  0.20980392  0.055882353 3
0.32058823  0.20980392  0.05882353  3
0.32058823  0.20882353  0.05882353  3
0.31960785  0.20882353  0.057843138 3
0.31960785  0.20980392  0.056862745 3
0.31960785  0.20980392  0.057843138 3
0.31862745  0.20882353  0.05392157  3
0.31764707  0.20784314  0.05490196  3
0.31666666  0.20686275  0.050980393 3
0.31666666  0.20686275  0.05        3
0.30882353  0.20588236  0.04901961  3
0.30882353  0.2009804   0.04901961  3
0.30882353  0.19901961  0.04901961  3
0.30784315  0.19901961  0.05        3
0.3137255   0.19803922  0.047058824 3
0.3137255   0.19803922  0.046078432 3
0.3137255   0.19803922  0.046078432 3
0.31470588  0.2         0.046078432 3
0.3156863   0.2009804   0.04117647  3
0.3156863   0.2009804   0.04117647  3
0.31470588  0.20196079  0.039215688 3
0.3137255   0.19901961  0.04411765  3
0.3127451   0.19901961  0.04509804  3
0.3156863   0.19803922  0.047058824 3
0.3156863   0.19705883  0.047058824 3
0.3137255   0.19705883  0.047058824 3
0.3137255   0.19411765  0.05        3
0.31176472  0.19509804  0.05        3
0.3107843   0.19509804  0.04901961  3
0.3107843   0.19313726  0.048039217 3
0.3107843   0.18627451  0.046078432 3
0.30980393  0.18529412  0.04509804  3
0.31862745  0.18333334  0.04411765  3
0.31862745  0.18333334  0.04411765  3
0.31862745  0.19117647  0.04901961  3
0.31862745  0.19117647  0.04901961  3
0.31666666  0.19215687  0.048039217 3
0.31176472  0.19019608  0.048039217 3
0.3107843   0.17254902  0.048039217 3
0.3107843   0.17156863  0.04411765  3
0.3107843   0.16960785  0.04411765  3
0.30980393  0.16960785  0.04411765  3
0.30980393  0.1754902   0.04509804  3
0.3107843   0.17941177  0.04509804  3
0.30980393  0.17941177  0.046078432 3
0.31470588  0.17941177  0.048039217 3
0.31470588  0.18137255  0.048039217 3
0.31470588  0.18529412  0.047058824 3
0.31666666  0.1872549   0.047058824 3
0.31666666  0.19117647  0.047058824 3
0.31764707  0.1882353   0.046078432 3
0.31960785  0.1872549   0.04509804  3
0.31960785  0.18431373  0.046078432 3
0.31960785  0.18235295  0.04509804  3
0.31960785  0.17941177  0.04411765  3
0.31960785  0.17941177  0.046078432 3
0.31764707  0.18137255  0.04509804  3
0.31764707  0.18235295  0.04509804  3
0.31666666  0.18333334  0.04509804  3
0.31666666  0.18431373  0.04509804  3
0.31666666  0.18431373  0.04509804  3
0.3156863   0.18627451  0.04411765  3
0.3156863   0.1882353   0.04411765  3
0.3156863   0.19019608  0.046078432 3
0.31666666  0.18921569  0.047058824 3
0.31666666  0.18921569  0.046078432 3
0.31666666  0.19019608  0.04509804  3
0.31666666  0.19901961  0.04509804  3
0.32058823  0.19901961  0.046078432 3
0.32058823  0.20294118  0.04117647  3
0.32058823  0.20392157  0.042156864 3
0.32156864  0.20686275  0.042156864 3
0.32156864  0.20686275  0.04411765  3
0.3254902   0.20686275  0.04411765  3
0.3254902   0.20196079  0.050980393 3
0.3254902   0.20196079  0.050980393 3
0.32647058  0.20196079  0.05        3
0.32647058  0.2         0.04901961  3
0.32647058  0.2         0.050980393 3
0.3254902   0.2         0.05        3
0.32254902  0.19901961  0.05        3
0.32254902  0.19901961  0.05        3
0.32156864  0.2         0.04901961  3
0.32058823  0.2         0.048039217 3
0.32058823  0.2         0.048039217 3
0.31960785  0.20196079  0.05490196  3
0.31960785  0.20392157  0.05490196  3
0.31764707  0.20490196  0.05490196  3
0.31666666  0.20490196  0.055882353 3
0.3127451   0.20392157  0.05490196  3
0.3127451   0.2         0.05392157  3
0.3019608   0.2         0.05490196  3
0.3009804   0.2         0.056862745 3
0.2990196   0.2         0.05392157  3
0.29705882  0.19901961  0.05490196  3
0.29509804  0.20294118  0.056862745 3
0.28627452  0.20294118  0.05980392  3
0.28431374  0.20294118  0.05882353  3
0.28333333  0.20196079  0.05882353  3
0.28333333  0.19607843  0.063725494 3
0.27450982  0.19509804  0.063725494 3
0.27450982  0.19313726  0.064705886 3
0.27450982  0.1882353   0.06764706  3
0.27254903  0.1872549   0.06960785  3
0.27254903  0.18627451  0.06960785  3
0.26764706  0.18627451  0.068627454 3
0.26568627  0.18529412  0.068627454 3
0.2637255   0.18431373  0.06666667  3
0.2637255   0.18529412  0.06960785  3
0.2637255   0.18627451  0.06960785  3
0.2637255   0.1882353   0.06960785  3
0.2627451   0.1882353   0.07058824  3
0.2627451   0.1882353   0.07058824  3
0.2627451   0.1882353   0.06764706  3
0.26764706  0.1882353   0.06666667  3
0.26862746  0.1882353   0.06666667  3
0.26862746  0.18921569  0.06568628  3
0.27058825  0.18921569  0.05980392  3
0.26862746  0.1882353   0.05882353  3
0.26862746  0.1882353   0.05980392  3
0.26862746  0.1882353   0.05980392  3
0.27058825  0.1882353   0.060784314 3
0.28529412  0.1882353   0.060784314 3
0.29117647  0.1882353   0.05980392  3
0.30882353  0.18921569  0.061764706 3
0.3107843   0.1882353   0.061764706 3
0.3107843   0.1882353   0.061764706 3
0.3107843   0.1882353   0.061764706 3
0.32352942  0.1872549   0.061764706 3
0.3245098   0.1872549   0.0627451   3
0.3245098   0.1872549   0.0627451   3
0.3254902   0.1872549   0.0627451   3
0.32647058  0.1872549   0.063725494 3
0.32647058  0.1872549   0.063725494 3
0.3254902   0.19411765  0.0627451   3
0.3254902   0.20392157  0.063725494 3
0.3254902   0.20392157  0.063725494 3
0.3254902   0.20392157  0.064705886 3
0.327451    0.20490196  0.064705886 3
0.32647058  0.20392157  0.064705886 3
0.327451    0.20392157  0.064705886 3
0.327451    0.20392157  0.064705886 3
0.3254902   0.20196079  0.064705886 3
0.3254902   0.20196079  0.06568628  3
0.32352942  0.2009804   0.06568628  3
0.32352942  0.20294118  0.064705886 3
0.32352942  0.20392157  0.064705886 3
0.32058823  0.21078432  0.064705886 3
0.3156863   0.21078432  0.064705886 3
0.3127451   0.21470588  0.064705886 3
0.3127451   0.21666667  0.063725494 3
0.30686274  0.22156863  0.063725494 3
0.30686274  0.22156863  0.061764706 3
0.30392158  0.22156863  0.061764706 3
0.3009804   0.22156863  0.061764706 3
0.28431374  0.22058824  0.061764706 3
0.27941176  0.22156863  0.061764706 3
0.2754902   0.22156863  0.06568628  3
0.27058825  0.22254902  0.063725494 3
0.26960784  0.22254902  0.063725494 3
0.26666668  0.22058824  0.061764706 3
0.24509804  0.21960784  0.060784314 3
0.24019608  0.21960784  0.060784314 3
0.2372549   0.21666667  0.05980392  3
0.23627451  0.20980392  0.05882353  3
0.22647059  0.20980392  0.05980392  3
0.22647059  0.20882353  0.05980392  3
0.22647059  0.20784314  0.05980392  3
0.22647059  0.20784314  0.06568628  3
0.2254902   0.20784314  0.060784314 3
0.22352941  0.20686275  0.060784314 3
0.2245098   0.20882353  0.05980392  3
0.2245098   0.20882353  0.063725494 3
0.2245098   0.2127451   0.064705886 3
0.22352941  0.21372549  0.06764706  3
0.22254902  0.21372549  0.06764706  3
0.22254902  0.21372549  0.06764706  3
0.2254902   0.21372549  0.064705886 3
0.22647059  0.21372549  0.06666667  3
0.23039216  0.21372549  0.068627454 3
0.23235294  0.21470588  0.06960785  3
0.23529412  0.21372549  0.060784314 3
0.24509804  0.21372549  0.06666667  3
0.2509804   0.2127451   0.07058824  3
0.2529412   0.21372549  0.073529415 3
0.2529412   0.21372549  0.07450981  3
0.26764706  0.21176471  0.073529415 3
0.27058825  0.21176471  0.073529415 3
0.27058825  0.2127451   0.068627454 3
0.27058825  0.2127451   0.068627454 3
0.2754902   0.2127451   0.061764706 3
0.28333333  0.2127451   0.0627451   3
0.28333333  0.2127451   0.060784314 3
0.28529412  0.21078432  0.06764706  3
0.28529412  0.21078432  0.06764706  3
0.28529412  0.20980392  0.06764706  3
0.2901961   0.21078432  0.064705886 3
0.29215688  0.21078432  0.0627451   3
0.2901961   0.21078432  0.07058824  3
0.28921568  0.20784314  0.07058824  3
0.28921568  0.20784314  0.07058824  3
0.28921568  0.20784314  0.06960785  3
0.28921568  0.20686275  0.06960785  3
0.28921568  0.20784314  0.07156863  3
0.2882353   0.20882353  0.0627451   3
0.2882353   0.20980392  0.0627451   3
0.2882353   0.20980392  0.0627451   3
0.2872549   0.20980392  0.06568628  3
0.2872549   0.20882353  0.07156863  3
0.2882353   0.20882353  0.064705886 3
0.2882353   0.21176471  0.063725494 3
0.2882353   0.21078432  0.063725494 3
0.2901961   0.21176471  0.0627451   3
0.29705882  0.21176471  0.064705886 3
0.29705882  0.21176471  0.064705886 3
0.29705882  0.21176471  0.064705886 3
0.29803923  0.21176471  0.064705886 3
0.29803923  0.21078432  0.06666667  3
0.29411766  0.20980392  0.06666667  3
0.29313725  0.21470588  0.06666667  3
0.29411766  0.21470588  0.06666667  3
0.29411766  0.21470588  0.06666667  3
0.29509804  0.21470588  0.06666667  3
0.29803923  0.21960784  0.06666667  3
0.29705882  0.22156863  0.06960785  3
0.29705882  0.22156863  0.06960785  3
0.29509804  0.22156863  0.06960785  3
0.29313725  0.22156863  0.06960785  3
0.29117647  0.22156863  0.06960785  3
0.29117647  0.22156863  0.06764706  3
0.29117647  0.22058824  0.06666667  3
0.28921568  0.22058824  0.06568628  3
0.2872549   0.22058824  0.06568628  3
0.2882353   0.21470588  0.06666667  3
0.29117647  0.21372549  0.06568628  3
0.29117647  0.2127451   0.06568628  3
0.29117647  0.21176471  0.06568628  3
0.29117647  0.21176471  0.064705886 3
0.28921568  0.20686275  0.064705886 3
0.28921568  0.20686275  0.07450981  3
0.2901961   0.20686275  0.07450981  3
0.28921568  0.20686275  0.07450981  3
0.28921568  0.20686275  0.073529415 3
0.2882353   0.20588236  0.073529415 3
0.28921568  0.20588236  0.07156863  3
0.28921568  0.20588236  0.07058824  3
0.28921568  0.20588236  0.06764706  3
0.28921568  0.20588236  0.061764706 3
0.29117647  0.20784314  0.063725494 3
0.29117647  0.20686275  0.064705886 3
0.29117647  0.20686275  0.06666667  3
0.29117647  0.20882353  0.064705886 3
0.29215688  0.20882353  0.064705886 3
0.29803923  0.20980392  0.06666667  3
0.3         0.21176471  0.06666667  3
0.3009804   0.21176471  0.06666667  3
0.3009804   0.21176471  0.06666667  3
0.30392158  0.21078432  0.0627451   3
0.30392158  0.2127451   0.0627451   3
0.30392158  0.2127451   0.07058824  3
0.30392158  0.21372549  0.068627454 3
0.30392158  0.21372549  0.068627454 3
0.30294117  0.21372549  0.06764706  3
0.30294117  0.21372549  0.06764706  3
0.30392158  0.21372549  0.083333336 3
0.30392158  0.21372549  0.083333336 3
0.30490196  0.21372549  0.083333336 3
0.30490196  0.2127451   0.07941177  3
0.29803923  0.2127451   0.0754902   3
0.29705882  0.21372549  0.068627454 3
0.29607844  0.2127451   0.07254902  3
0.29509804  0.2127451   0.07156863  3
0.29411766  0.21176471  0.07156863  3
0.29313725  0.21176471  0.07254902  3
0.30392158  0.21176471  0.07254902  3
0.3019608   0.21176471  0.073529415 3
0.30294117  0.21176471  0.07647059  3
0.30392158  0.21078432  0.07647059  3
0.30490196  0.21078432  0.0754902   3
0.30490196  0.20980392  0.0754902   3
0.30490196  0.20980392  0.07450981  3
0.30392158  0.20980392  0.068627454 3
0.30294117  0.20980392  0.068627454 3
0.30294117  0.21078432  0.068627454 3
0.3019608   0.21078432  0.06764706  3
0.3019608   0.21078432  0.064705886 3
0.3019608   0.21078432  0.064705886 3
0.30294117  0.21078432  0.064705886 3
0.30294117  0.21078432  0.06568628  3
0.30294117  0.21078432  0.06568628  3
0.30294117  0.20980392  0.06568628  3
0.30294117  0.20980392  0.06764706  3
